# Auto-generated by genSample.py (hash=55867233)
# molfrac count = 220 (must match molecule templates)
fix pour_clumps1 all pour 280 0 4767548 region gen_area mol clumps_01 molfrac 0.0025 0.0025 0.0025 0.0025 0.0025 0.0025 0.0025 0.0025 0.0025 0.0025 &
                                                                                                                                                                                     0.0025 0.0025 0.0025 0.0025 0.0025 0.0025 0.0025 0.0025 0.0025 0.0025 &
                                                                                                                                                                                     0.0025 0.0025 0.0025 0.0025 0.0025 0.0025 0.0025 0.0025 0.0025 0.0025 &
                                                                                                                                                                                     0.0025 0.0025 0.0025 0.0025 0.0025 0.0025 0.0025 0.0025 0.0025 0.0025 &
                                                                                                                                                                                     0.005 0.005 0.005 0.005 0.005 0.005 0.005 0.005 0.005 0.005 &
                                                                                                                                                                                     0.005 0.005 0.005 0.005 0.005 0.005 0.005 0.005 0.005 0.005 &
                                                                                                                                                                                     0.005 0.005 0.005 0.005 0.005 0.005 0.005 0.005 0.005 0.005 &
                                                                                                                                                                                     0.005 0.005 0.005 0.005 0.005 0.005 0.005 0.005 0.005 0.005 &
                                                                                                                                                                                     0.005 0.005 0.005 0.005 0.005 0.005 0.005 0.005 0.005 0.005 &
                                                                                                                                                                                     0.005 0.005 0.005 0.005 0.005 0.005 0.005 0.005 0.005 0.005 &
                                                                                                                                                                                     0.005 0.005 0.005 0.005 0.005 0.005 0.005 0.005 0.005 0.005 &
                                                                                                                                                                                     0.005 0.005 0.005 0.005 0.005 0.005 0.005 0.005 0.005 0.005 &
                                                                                                                                                                                     0.005 0.005 0.005 0.005 0.005 0.005 0.005 0.005 0.005 0.005 &
                                                                                                                                                                                     0.005 0.005 0.005 0.005 0.005 0.005 0.005 0.005 0.005 0.005 &
                                                                                                                                                                                     0.005 0.005 0.005 0.005 0.005 0.005 0.005 0.005 0.005 0.005 &
                                                                                                                                                                                     0.005 0.005 0.005 0.005 0.005 0.005 0.005 0.005 0.005 0.005 &
                                                                                                                                                                                     0.005 0.005 0.005 0.005 0.005 0.005 0.005 0.005 0.005 0.005 &
                                                                                                                                                                                     0.005 0.005 0.005 0.005 0.005 0.005 0.005 0.005 0.005 0.005 &
                                                                                                                                                                                     0.005 0.005 0.005 0.005 0.005 0.005 0.005 0.005 0.005 0.005 &
                                                                                                                                                                                     0.005 0.005 0.005 0.005 0.005 0.005 0.005 0.005 0.005 0.005 &
                                                                                                                                                                                     0.005 0.005 0.005 0.005 0.005 0.005 0.005 0.005 0.005 0.005 &
                                                                                                                                                                                     0.005 0.005 0.005 0.005 0.005 0.005 0.005 0.005 0.005 0.005 rigid make_clumps_1
